[gd_scene load_steps=5 format=2]

[ext_resource path="res://Pivot.gd" type="Script" id=1]
[ext_resource path="res://Assets/Environment.tres" type="Environment" id=2]
[ext_resource path="res://Assets/Cabin.tscn" type="PackedScene" id=3]

[sub_resource type="GIProbeData" id=1]
bounds = AABB( -30, -30, -30, 60, 60, 60 )
cell_size = 0.46875
to_cell_xform = Transform( 2.13333, 0, 0, 0, 2.13333, 0, 0, 0, 2.13333, 64, 64, 64 )
dynamic_data = PoolIntArray( 0, 8, 128, 128, 128, 1, 0, 0, 0, 0, 0, 0, 7, 0, 9, 3437, -1, -1, -1, -1, -1, -1, -1, -1, 0, 0, 8355711, 0 )
dynamic_range = 4
bias = 1.5
normal_bias = 0.0
propagation = 0.7

[node name="World" type="Spatial"]

[node name="WorldEnvironment" type="WorldEnvironment" parent="."]
environment = ExtResource( 2 )

[node name="Position3D" type="Position3D" parent="."]
transform = Transform( 1, 0, 0, 0, 1, 0, 0, 0, 1, 0, -0.387881, 0 )

[node name="Pivot" type="Spatial" parent="."]
script = ExtResource( 1 )

[node name="Camera" type="Camera" parent="Pivot"]
transform = Transform( 1, 0, 0, 0, 1, 0, 0, 0, 1, -1.46024, 7.05428, 13.6318 )

[node name="DirectionalLight" type="DirectionalLight" parent="."]
transform = Transform( -0.128005, -0.945991, 0.297852, 0.758666, -0.286829, -0.58494, 0.638781, 0.151095, 0.754407, 10.7523, 10, 16.9612 )
light_color = Color( 0.921569, 0.407843, 0.0313726, 1 )
light_energy = 2.0

[node name="DirectionalLight2" type="DirectionalLight" parent="."]
transform = Transform( -0.78314, -0.448906, 0.43032, -0.416198, 0.892539, 0.173648, -0.462029, -0.0431076, -0.885816, 10.075, 10, -22.9629 )
light_color = Color( 0.0313726, 0.443137, 0.921569, 1 )
light_energy = 2.0

[node name="DirectionalLight3" type="DirectionalLight" parent="."]
transform = Transform( -0.327193, 0.031174, -0.944443, -0.416198, 0.892539, 0.173648, 0.848366, 0.449892, -0.279058, -19.6674, 10, 0.370628 )
light_color = Color( 1, 0, 0, 1 )
light_energy = 2.0

[node name="OmniLight" type="OmniLight" parent="."]
transform = Transform( 1, 0, 0, 0, 1, 0, 0, 0, 1, 0.105125, 4.44169, -7.6244 )
light_color = Color( 0.772549, 0.737255, 0.427451, 1 )
omni_attenuation = 2.0

[node name="GIProbe" type="GIProbe" parent="."]
extents = Vector3( 30, 30, 30 )
data = SubResource( 1 )

[node name="scene" parent="." instance=ExtResource( 3 )]
transform = Transform( 3.00033, 0, 0, 0, 3.00033, 0, 0, 0, 3.00033, 0, 7.66403, 0 )
